40960
1
16385
94

5
46569

6
85

49160
16

37347

11759

49858

16397
16
19
20
21
24
8217
27
30
31
32
2969

30191

32801
33
16417
31904

32937

43
44
45
41006
47
5

8247
57
39783

32827
16444
32828
59
40935

41025
66
20787

68
49220
51711

67
72
71
25731

24655
49235
2762

57433
13161

32867
32869
32870
32871
101
24687
34480

16498
40052

32887
49233

54900

24695
121
41084
24701
2253

123
24703
24705
32900
32901
34902

16518
135
137
52588

138
139
16524
136
16528
41105
145
150
153
154
32924
49310
158
41120
164
165
57508
32935
49320
32937
170
169
177
8525

32946
32948
32949
182
32951
57524
51837

24765
189
49345
37441

199
205
40904

16592
41168
41169
32983
8408
38003

225
226
227
228
32995
32998
8424
8425
50172

49387
232
235
239
4437

240
245
2230

57592
50325

249
57334

33018
250
256
24833
51122

33028
32615

263
267
8460
269
33036
268
27727

270
57616
5258

2598

33047
33049
16662
54760

16668
33051
33050
16664
53835

33056
35015

293
45649

33071
49457
49458
18277

16694
57658
52034

49469
2978

317
49470
323
8516
33091
33095
329
1000

331
8525
339
8532
40586

355
356
10012

25781

5311

8560
369
49520
42938

1227

16762
387
392
41353
16782
49550
41361
39790

49559
10863

41372
28825

21881

41379
24997
33191
6276

41389
431
433
10495

25013
11433

33206
25015
437
440
49596
444
49590
48415

52934

457
467
468
25045
474
477
478
481
58426

8675
8676
33253
33254
486
33255
36475

41456
57025

202

41457
41461
16890
41467
41468
16894
512
8705
514
513
33280
37779

16904
40974

3455

523
41487
634

528
530
1384

16916
48633

33299
16918
1470

532
1889

49691
49692
543
16928
54743

16934
550
552
44276

33323
24

49709
4532

49721
570
572
8768
8769
578
44200

25159
31147

585
53439

25161
33352
21603

31370

586
25777

8795
25183
49766
22839

49776
41587
41590
49877

28771

644
645
114

51495

8841
33417
41611
1458

36456

649
656
14353

41623
664
665
666
132
49828
226

21561

49834
37956

49835
17074
49847
8888
49849
17082
49858
33475
40262

25285
709
2819

713
33486
33487
33489
1521

25303
732
33352

33502
53393

33506
16742

740
8934
49893
33513
8937
33519
33520
50410

46095

49909
38422

759
762
28805

49918
53434

49926
777
9181

790
793
795
25429

801
33573
42351

56425

29095

813
80

25397
820
49980
50713

834
33605
31240

48760

846
9041
849
351

853
855
36525

37520

43969

25437
17247
863
9055
861
9062
4334

9065
47194

877
40902

17265
885
33654
889
901

53126

894
895
898
900
901
903
905
33674
918
1686

9117
33421

96

934
918

36949

41911
1792

41915
25537
33731
35073

6682

969
33743
6336

435

50275

9181
25567
48583

31763

996
31629

17389
50160
50583

523

33728

50172
33798
9289

50185
1033
36902

36511

50197
58390
53149

50203
50205
17437
9253
225

9260
33836
50221
33845
58426
1088
52816

1090
1091
1092
9289
33731

25681
25687
50265
1647

5667

1117
55129

1118
1119
1120
6547

50273
40911

87

17513
514

1142
17535
25729
50306
6016

50307
33926
32648

33929
17549
33489

58514
26055

58516
9366
50330
32282

9379
50346
1195
21821

38480

40515

25777
33970
25781
1210
14075

10396

3079

1222
58567
33994
50380
42192
1239
40417

42203
34012
28891

34618

20021

1691

34021
1254
23311

17641
50410
25835
25839
50416
50425
47257

42249
42250
25867
1292
1293
352

19

55866

1313
3974

50470
25897
9513
31478

24455

43

50475
42282
34096
147

32829
34102
2816

1338
390

38993

34451

17729
9539
42310
16353

17741
1363
32900

1365
34134
34136
53129

18497

30654

50528
8675

50768

35122

9581
40497

20541

42351
56008

50549
1397
1398
42361
49596

34173
6325

40357

41488

48580

48549

9617
54883

136

1430
385

49893

9624
1435
50582
50590
50593
930

21877

50602
31430

50608
50612
50613
1462
42423
9656
48895

34240
50631
26055
1482
9675
40028

39587

9690
31043

34798

387

6574

17895
34279
34280
1516
50668
1519
9712
1530
9723
1535
1536
9734
33253

26123
40834

543

34321
1557
10408

50710
9756
17949
1566
9760
1571
24833

1575
38472

52742

199

6033

9776
41899

50739
1594
10588

37105

369

21469

1604
34382
36903

935

52347

31859

38778

36726

42590
2000

26213
42361

1397

5962

42603
50796
1642
49154

50803
44961

18045
32995

42625
36286

26243
42627
34437
34438
34439
34440
18053
9863
34443
34451
18397

1686
35737

1689
1691
1690
42916

55651

1694
34465
1699
18897

33206

31404

1707
42670
34480
48553

1520

50197

1726
28735

14345

9919
1729
18115
1182

34501
9925
1735
34504
34498
93

20939

30484

23289

8074

5114

42723
50917
18153
23233

50923
34537
1575

34543
34542
9969
34544
34547
34548
2332

26359
51533

32902

9982
34561
9989
34565
877

2337

1542

34572
138

34577
1818
13939

34591
10015
10020
34599
395

34602
10030
38790

34612
18229
34618
34620
48585

51009
22535

10049
18247
40456

51019
34636
1869
49387

40839

38753

1887
10080
1889
32949

10083
36587

34662
10087
18277
52995

54440

13601

10108
36862

42886
10119
42889
19369

18753

42894
42897
1943
16918

1951
1953
51105
10152
10155
51116
384

48418

10161
55357

8246

35413

10163
51122
10165
48997

42938
34745
10162
33080

34751
51096

48742

10189
2001
42963
6030

18393
48425

2025
10218
3190

1726

34798
2034
10232
43007
51203
19163

34822
18441
34825
51213
37987

10260
9253

1096

10278
40496

5039

34866
51252
10294
10298
34881
18507
2124
53613

5081

1048

56923

36800

51019

51297
34914
52211

11757

42897

34933
34934
2167
10359
52305

34944
17895

10379
3701

52173

34966
4901

5356

25157

949

34973
34978
2211
51367
10408
34984
30307

10418
39651

35000
18617
2236
8250

2246
2251
30544

10445
10447
48661

51417
10460
37348

34904

18661
35459

31327

18671
35062
18679
12467

6746

10490
10491
10495
54863

37450

35073
35076
34820

35079
12293

35086
8248

43609

43299
29786

2472

39940

10536
35118
522

4177

35120
2354
2356
2355
18745
53040

10568
21327

51533
54794

51535
36474

47161

28297

2393
2392
1069

10588
2397
2390
35159
51552
34176

3305

43523

35180
50602

35191
10620
41467

35839

35203
38883

44037

35222
10447

10647
3295

2471
35240
54633

35376

18857
43434
35241
35247
2966

30296

51648
37823

1

2293

40906

43470
18897
10711
33524

10713
10714
37345

31756

37033

10719
51678
10721
50738

578

51705
56738

40056

35338
11737

2581
38524

1292

2589
2593
43555
2596
10790
10793
10794
2605
33

10800
10805
51781
21

48675

35413
43608
43609
51805
35424
35425
51815
2665
10863
50273

51837
36296

35459
302

7193

10897
933

19111
43691
43692
19123
22043

51898
56242

2759
51916
13769

3256

36649

37510

19163
2787
35557
48375

51552

35566
38940

51958
513

35849

2808
47164

11013
14813

139

21557

19221
35608
27417
40960

54852

11061
50854

35639
19257
19261
57433

52034
4810

2889
11933

5680

49766

19285
36028

2904
53494

47160

35677
8841

11111
2923
2924
2926
41025

2927
19315
52092
52093
50307

813

34599

2961
518

2962
2966
35737
54595

19363
19365
2983
27633

11843

35760
2993
27957

1678

35773
19391
43969
49891

3016
44511

28497

35788
52173
35790
27601
18153

350

52193
11235
52196
52198
11241
41353

84

40750

5341

27631
27633
31952

52211
52214
8676

550

35834
40956

10379

35839
35838
11266
245

35843
15

44037
27655
36884

35849
35848
35851
35847
19469
35857
3091
35860
474

48842

15699

44059
8017

11313
2251

24133

44087
782

35905
53998

52299
52305
35928
3167
35946
30503

2759

2044

52347
28979

27775
35968
27899

49709

35972
27783
19703

437

27787
53888

35994
3228
512

201

9675

2355

8460

11433
44203
44204
27821
35790

210

1535

50185

27831
50664

27833
36023
36028
20031

3269
19653
36038
36039
44203

28677

19669
49458

52830

44275
27899
52480
52481
36098
37497

27787

389

52505
41361

2104

19759
52619

2584

19769
11577
23281

36162
11597
3406
3407
39491

27989
1095

17729

27991
2392

36185
8769

32935

52578
34561

34984

11617
9041

19815
4224

762

52588
28013
11633
44406
31

28121

36215
36214
28025
36220
34662

3455
19845
3470
11663
11665
33475

49889

13125

50380

12355

28069
52657
11701
33929

11703
36286
32093

109

6114

36296
42340

53488

11737
39607

28121
11739
11741
36316
44511
52701
44516
11751
11757
19951
39326

3572
52481

53200

48561

11771
47917

3588
52741
52742
11783
16417

18671

42203

82

56701

28171
52747
36369
205

36370
36371
39565

8425

18679

19221

12189

4725

6956

53848

11837
20031
28223
49520

11843
3652
52807
20045
20047
52816
36432
566

28249
20057
37396

42603

1068

36456
10213

2213

11887
11889
3701
3702
36470
3713
52865
53199

28297
2761

34019

3731
29027

48590

31827

11933
36511
40356

36516
3750
36522
36524
53590

33520

40936

39535

36538
48753

54

36548
6383

3782
22789

3784
3785
3786
3783
11981
11977
11979
11577

11061

36563
885

2048

36569
31637

52955
467

42249

28387
790

28391
54234

28405
39355

12031
52991
52990
25835

28423
44807
55791

3609

36625
12049
598

36633
7645

24703

11617

38680

35203

19365

36649
53040
48483

28223

28479
90

51916

1459

53065
890

28497
12113
12115
53077
268

3927
30016

37418

36699
2157

36702
36704
40507

48466

3958
53111
36726
36729
31580

44931
3972
53126
48761

53129
36749
44942
12175
6880

5355

38483

54790

12189
41168

44961
48548

569

36793
20423
3579

28623
53200
36817
938

10165

34102

36838
53223
20457
1107

34572

4081
11771

36862
45055
36864
57612

28675
12291
12293
2993

47790

36882
36884
36885
88

53273
1149

20507
35860

28701
36896
53287
36904
34626

30123

53300
28725
51297

50425

36923
4155
20541
28735
269

12355
54362

36934
1462

12365
4177
39597

4181
4182
36949
55813

38329

4188
2257

36962
12487

12729

20583
25159

43760

12403
50739

4214
329

12413
44942

35760

36990
2818

4224
12419
53379
28805
36999
2607

53393
7711

28825
12445
7088

53407
53406
28833
53410
37027
12461
323

19815

53421
30276

37044
28851
12467
31741

35928

50338

4280
4282
12477
12431

42627

40454

212

20689
1556

32281

37078
12503
32951

51462

28891
37086
28907
37103
29785

37105
8410

54915

12531
1285

28927
2889

37126
20745
1136

32182

39195

37141
41109

28851

25537

56063

28957
20767
4382
53540
355

21085

28977
20785
37171
20787
1219

28979
2263

49918

1486

971

28999
20847

37202
37208
33255

37210
39518

8795

41456

12365

20843
20899

53613
20847
30911

4469
20853
498

53621
10456

12669
6675

53632
12679
37259
12685
50582

24231

25397

1103

30015

20899
29095
53671
52092

29101
20909
2167

20919
48316

31368

48926

4551
19285

20939
37347
37348
37349
4581
39586

35788

37379
1002

50549

45576
35639

37403
45598
33161

29223
45613
4654
4657
37430
239

1484

4672
37440
37441
37442
49613

31704

37447
37450
37451
45649
37458
45653
12893
51781

37475
4898

53580

4722
37491
50416

834

37497
53888
12929
53889
29317
37510
37514
37515
37517
37520
37521
45055

47159

11739

42072

54857

36896

2904

38807

12967
1604

37210

4789
2583

4793
37569
21185
32867

39988

41094

431

32801

57555

37597
26123

37601
4835
49220

57584

53998
37614
34279

37618
56948

21241
10418

2542

5907

4872
1887

54041
36106

21273
4896
54050
4898
14829

11111

4901
37675
1845

4918
52198

164

31764

13117
13119
11741

13125
160

21327
21329
36699

38656

54103
38101

21339
19769

54112
14467

2510

57592

13161
43741

13663

4975
28623

1559

4981
54141
1430

31658

48556

34382

38000

37779
37786
54714

21405
24415

17265

5030
21419
2987

50392

39017

2516

14967

21431
31646

5060
41402

13759

19165

13271
5079
5081
54234
21473
36688

30464

37869
237

53273

5114
38408

21511
46093
46095
13331
46102
5150
1901

39468

21541
54309
41514

37932
13357
23283

5177
41587

29755
21563
29758
37956
21573
37958
37140

35120

37965
354

13391
41084

5204
35968

5205
37976
29786
29787
54362
37981
37982
37984
21603
37987
37989
37991
37994
3784

29803
30

39551

20583

37999
38000
38003
13429
6347

29829
29830
21639
29831
38027
21647
20853

45576

21653
38040
13469
54492

53111

12031

39533

54440
7674

21677
41567

47163

23327

5300
27891

37442

38080
86

38081
572

38085
38086
137

38084
889

19685

38101
2354

4654

1382

54492
5341
36098

4059

5355
5356
21743
5365
1735

50461

21773
46352
38161
13587
29974
31798

29976
13601
21797
16662

1689

38186
38198
52741

2254

30015
30016
31737

54595
21843
38619

5460
38234
13659
21853
23321

21855
13663
21863
30056
38249
1853

39196

31173

46093

46471
356

218

5525
5530
3785

52193

51648

30123
1017

21939
16592

51213

38329
3702

57066

30363

54714
13759
38337
40530

28907

2890

52093

5075

54743
54744
54856

34498

9919

9745

54757
38373
46569
21995
30187
49926

6702

40540

43299

30205
30206
5630
38400
32105

31964

54789
38408
13833
54790
24405

15451

53632

34577

2389

38414
54794
22043
11761

5667
5671
54829
5680
5681
38450
5682
22071
10790

54842
20

38671

1468

30276
30279
54856
54857
38474
44931

57616

22097
54865
41345

38483
40870

22101
54870
30296
38481
34497

879

55701

40852

30307
44074

54898
50184

54900
1642

22135
38524
56700

53179

22147
54915
54918
30346
30347
16009

30363
38555
30370
54947
41226

30375
978

38572
56732

3002

22199
38594
8516

41389

14027
40716

38619
81

55016
40602

22265
38656
22663

38659
38668
38671
30484
30485
5909
38680
22297
38691
30499
52608

30503
22319
30514
14131
55102
440

55115
38759

30544
54865

5978
14175
38753
38759
55153
16498

1336

14199
6007
6008
38778
38573

38790
11751

22319

14227
39570

50175

43608

6045
38816
22433
6050
35889

37349



38826
52990

28701

30654
51535

16782

42310

38853
14289
14293
33486

38186

41623

6114
1846

38883
38889
55911

33674

11179

30709
30711
30714
7106

45560

22687

22535
30727
1064

14345
38924
30736
51219

14353
40620

22547
6164
30749
22199

833

34881

22677

223

229

39792

37171

47158
47160
47164
14397
1351

55357
37999

6213
28171

14407
48471

9756

38992
38993
38999
47194
50265

39547

1661

39014
39017
30831
6594

39026
39030
14467
2803

10030

6288
52955

22673
47250
47257
30885
6045

14513
30902
37786

37982

52299

22729
50593

6347
6351
15583

29093

10719

22745
6361
1519

11887

39617

6372
2255

30953
6377
623

411

2848

56690

71

52461

39166
39167
499

6401
22789
11785

6408
38793

22147

21185

6421
39188
50346

36397

39195
39198
39199
47391
721

58967

55597
14645
22839
2142

10793

31043
34051

14669
31251

39247
38735

50612

10080

2582

36407

22877
55644
1699

55651
6512
14713
39292
530

14719
31109
52482

54112

6547
14741
55701
14749
39326
14753
49470

14765
22961
37430

338

8424

2585

38161

38668

55742
49114

6586
2581

24543

6594
31173
31181
14807
22297

14813
55644

31201
6637
48649

55791
14833
14835
54000

14837
55825

7785

31229
56876

39198

31240
55825
31251
6675
6682
5458

39456
30727

39463
55848
39469
6702
31765

37475

39478
48736

56838

39477
55866
39486
38040

39489
2147

121

4835

54789

31933

39495
39491
13667

14921
46985

31338

35062

6746
31327
339

34944

31339
31338
37141

39533
39535
39534
34822

2025

6773
39539
14967
6774
39547
6783
39551
51009

23179
37675

39565
56906

31414

468

39576
39575
6811
28927

23199
39583
39586
47778
39587
23273

20507

47790
18119

31414
23225
23227
15039
23233
20785

39617
23237
457

31433
15051
39292

6862
3927

6864
23251
48849

31452
6880
6007

39652
617

6884
52578

23273
38992

15085
56196

6895
23277
23281
23283
31478
40591

23289
51818

16706

31483
56063
39681
15109
32

6922
20767

15117
52168

39324

6927
39175

33071

51367

39701
23309
31174

39705
39710
22877

23333
23277

6951
6954
42923

47917
58

31537
53421

39741
31553
40571

23363
39764
1768

1818

23383
23385
39534

37799

31580
15197
51105

15199
15201
564

51958

39783
8503

39790
39792
4181

15225
31610
23421
39806
39808
7044
39819
7054
34443

27775

14833

23447
31637
1088

992

31646
56230
53446

31658
7083
29803

49784

7088
56242
820

92

31680
47

958

37007

15315
39894
31704
15323
31710
7135
31711
15335
31722
54869

39921
33487

27631

31741
15809

39938
39940
8249

10119

39247

31050

31756
31757
31758
15377
1935

31764
31772
4411

45613

31785
51705

52082

15411
50932

31798
15417
40004
23623
32262

2236

31821
15437
2200

15451
40028
50631

39071

40046
31859
40052
40056
23673
21405

40059
40060
15487
40064
26

40075
40221

32380

7311
40080
23703
24705

31904
52969

7338
40615

13357

31933
48316
49828

849

23755
31952
31953
38659

40148
56538
31964
40156
51180

15583
23775
23777
1669

23781
31973
15591
23847

48363
40174
31988
15605
15613
57

47778

32005
34134

98

32013
33743

21329

40206
15633
48405
48413
48414
48415
1163

48417
3125

48418
14513

23847
52991

48425
40239
7472
33433

32542

50384

13859

31772

38691

40262
15687
32071
15689
1195

32485

41457

53263

32094
56671
30991

48481
48483
15719
31374

32105
48488
10620

41694

15731
482

9941

48505
40315
36793

30485

56701
2451

40323
1347

15751
30831

40333
40334
30885

32153
16011

40748

56738
40356
51020

48549
40357
2780

7592
48548
48553
48556
32175
48561
15793
32182
48569
32189
15809
48580
48583
32202
40397
56784
56785
283

42963

40416
40417
39576

980

4981

52701

35847

7662
40434
3588

48633
7674
56835
6130

40454
15879
40456
48649
48414

24075
56842
32268
56838
263

2800

32271
32188

36470

48661
32281
32282
39741

7705
7711
3786

48675
1448

1598

7724
56876
40496
40497
15925
353

48702
41487

32729

40530
24151
7769
40908

48736
32360
7785
31339

24171
7791
48753
32370
1210

48760
48761
32379
32380
40571
55774

16005
16009
48779
48417

53065

53237

40591
35507

40595
21473

32412
8934

16035
24227
48804
34104

2034

52747

37521

40776

16049
1374

48820
32438
5485

52505

48830
324

16067
40269

48849
54870

39026

57050
32483
26243

55265

40682
57066
32491
47398

48895
48896
10271

20057

40716
32526
48916
1288

40729
40938

48926
34280

40748
10087

18247

32561
9989

16894

28999

38826

50803

34437

2001

16201
40776
621

40786
31483

40787
24405
54449

57181
24415
14407

4214

32608
32615
32899

34620

40814
54703

24439
40834
49438

33221

40839
36882

8074
40842
40849
16273
40852
8086
31163

40858
49052
2775

40870
37055

34544

40879
14741

40787

37744

32696
8129
48413

23755

40902
40904
40908
8142
32729
49114
58572

40924
24543
16353
32740
40935
3008

14719

40938
49612

37440

48438

35363

40956
